x         y         z
 0.9790    1.1353    1.1372
 0.9773    1.1516    1.1387
 0.9717    1.1404    1.1458
 0.9841    1.1392    1.1423
 0.9697    1.1479    1.1433
 0.9805    1.1416    1.1406
 0.9810    1.1367    1.1335
 0.9805    1.1384    1.1377
 0.6409    1.1396    1.1389
 0.0894    1.1436    1.1580
-0.0159    1.1392    1.1462
-0.0083    1.1233    1.1421
-0.0176    1.1453    1.1445
-0.0156    1.1360    1.1426
-0.0068    1.1379    1.1384
-0.0093    1.1436    1.1250
-0.0144    1.1426    1.1340
-0.0061    1.1384    1.1392
-0.0103    1.1558    1.1392
-0.0129    1.1462    1.1394
-0.0066    1.1392    1.1313
-0.0083    1.1443    1.1362
-0.0186    1.1536    1.1309
-0.0090    1.1394    1.1389
-0.0137    1.1318    1.1353
-0.0159    1.1455    1.1316
-0.0134    1.1511    1.1448
-0.0168    1.1421    1.1350
-0.0151    1.1416    1.1392
-0.0122    1.1465    1.1335
-0.0144    1.1428    1.1392
-0.0181    1.1421    1.1377
-0.0173    1.1450    1.1372
-0.0151    1.1365    1.1440
-0.0125    1.1340    1.1296
-0.0100    1.1316    1.1365
-0.0142    1.1313    1.1428
 0.0398    1.1355    1.1448
 0.0425    1.1338    1.1414
 0.0413    1.1343    1.1431
 0.0474    1.1443    1.1399
 0.0425    1.1484    1.6904
 0.0354    1.1367   -0.4797
 0.0442    1.1353   -0.8242
 0.0444    1.1414   -0.8530
 0.0371    1.1436   -0.9370
 0.0540    1.1365   -0.9146
 0.0447    1.1345   -0.9214
 0.0447    1.1277   -0.9028
 0.0444    1.1321   -0.8752
 0.0496    1.1348   -0.9109
 0.0471    1.1343   -0.9299
 0.0393    1.1372   -0.9751
 0.0403    1.1365   -1.1284
 0.0430    1.1428   -0.4197
 0.0393    1.1384   -0.5220
 0.0452    1.1409   -0.9478
 0.0493    1.1404   -0.8464
 0.0425    1.1433   -0.8926
 0.0383    1.1445   -0.9468
 0.0447    1.1455   -0.8379
 0.0479    1.1357   -1.0200
 0.0496    1.1404   -0.8735
 0.0454    1.1379   -0.9172
 0.0442    1.1372   -0.9128
 0.0415    1.1406   -0.8958
 0.0415    1.1318   -0.8877
 0.0488    1.1421   -0.8982
 0.0425    1.1416   -0.8877
 0.0447    1.1409   -0.9290
-0.0083    1.1431   -0.9434
-0.9346    1.1375   -0.9089
-0.9741    1.1370   -1.0010
-0.9534    1.1345    0.5229
-0.9529    1.1343    1.1189
-0.9517    1.1333    1.1230
-0.9597    1.1379    1.9999
-0.9541    1.1377    0.4160
-0.9539    1.1445    1.1309
-0.9539    1.1370    1.1396
-0.9473    1.1389    1.1409
-0.9468    1.1304    1.1365
-0.9595    1.1350    1.1396
-0.9565    1.1389    1.1365
-0.9519    1.1379    1.1340
-0.9517    1.1306    1.1436
-0.9561    1.1328    1.1409
-0.9558    1.1443    1.1387
-0.7671    1.1394          
 0.3569    1.1357          
 0.7190    1.1345          
 1.0042    1.1360          
 1.0601    1.1328          
 1.0710    1.1345          
 1.0552    1.1409          
 1.0525    1.1421          
 1.0522    1.1421          
 1.0522    1.1350          
 1.0552    1.1462          
 1.0537    1.1426          
 1.0498    1.1431          
 1.0566    1.1433          
 1.0547    1.1353          
 1.0518    1.1409          
 1.0530    1.1323          
 1.0547    1.1333          
 1.0513    1.1360          
 1.0498    1.1431          
 1.0593    1.1326          
 1.0457    1.1436          
 1.0562    1.1462          
 1.0413    1.1318          
 0.8369    1.1382          
-0.0068    1.1287          
 0.0398    1.1411          
 0.0417    1.1389          
 0.0439    1.1382          
           1.1357          
           1.1362          
           1.1372          
           1.1414          
           1.1392          
           1.1399          
           1.1489          
           1.1399          
           1.1323          
           1.1399          
           1.1379          
           1.1440          
           1.1458          
           1.1436          
           1.1414          
           1.1445          
           1.1406          
           1.1436          
           1.1423          
           1.1321          
           1.1465          
           1.1304          
           1.1338          
           1.1406          
           1.1345          
           1.1382          
           1.1392          
           1.1372          
           1.1487          
           1.1299          
           1.1533          
           1.1321          
           1.1423          
           1.1453          
           1.1272          
           1.1394          
           1.1428          
           1.1428          
           1.1453          
           1.1389          
           1.1453          
           1.1404          
           1.1306          
           1.1394          
           1.1345          
           1.1431          
           1.1306          
           1.1465          
           1.1345          
           1.1355          
           1.1365          
           1.1323          
           1.1343          
           1.1401          
           1.1428          
           1.1282          
           1.1343          
           1.1409          
           1.1455          
           1.1372          
           1.1387          
           1.1401          
           1.1287          
           1.1360          
           1.1230          
           1.1353          
           1.1555          
           1.1401          
           1.1328          
           1.1411          
           1.1465          
           1.1357          
           1.1348          
           1.1343          
           1.1387          
           1.1433          
           1.1267          
           1.1387          
           1.1440          
           1.1011          
           1.1421          
           1.1392          
           1.1511          
           1.1414          
           1.1213          
           1.1375          
           1.1274          
           1.1221          
           1.1375          
           1.1353          
           1.1353          
           1.1353          
           1.1362          
           1.1396          
           1.1433          
           1.1428          
           1.1377          
           1.1421          
           1.1465          
           1.1443          
           1.1401          
          -0.0144          
          -0.0129          
          -0.0161          
          -0.0151          
          -0.0103          
          -0.0095          
          -0.0176          
          -0.0212          
          -0.0156          
          -0.0112          
          -0.0151          
          -0.0107          
          -0.0129          
          -0.0110          
          -0.0132          
          -0.0125          
          -0.0122          
          -0.0051          
          -0.0190          
          -0.0132          
          -0.0176          
          -0.0127          
          -0.0125          
          -0.0127          
          -0.0127          
          -0.0198          
          -0.0085          
          -0.0144          
          -0.0151          
          -0.0149          
          -0.0117          
          -0.0154          
          -0.0186          
          -0.0237          
          -0.0132          
          -0.0122          
          -0.0137          
          -0.0081          
          -0.0168          
          -0.0066          
          -0.0139          
          -0.0125          
          -0.0090          
          -0.0120          
          -0.0173          
          -0.0132          
          -0.0120          
          -0.0046          
          -0.0073          
          -0.0178          
          -0.0132          
          -0.0139          
          -0.0132          
          -0.0117          
          -0.0112          
          -0.0190          
          -0.0137          
          -0.0212          
          -0.0093          
          -0.0193          
          -0.0100          
          -0.0151          
           0.4590          
           0.9880          
           0.9729          
           0.9751          
           0.9863          
           0.9753          
           0.9744          
           0.9761          
           0.7007          
           0.4829          
          -0.0447          
          -0.0383          
          -0.0315          
           0.0867          
           0.8130          
           1.0867          
           0.8643          
           0.9788          
           0.9746          
           0.9731          
           0.9783          
           0.9731          
           0.9783          
           0.9763          
           0.9756          
           0.9783          
           0.9834          
           0.9854          
           0.9763          
           0.9756          
           0.9783          
           0.9834          
           0.9854          
           0.9817          
           0.9810          
           0.9810          
           0.9783          
           0.9800          
           0.9785          
           0.9846          
           0.9722          
           0.9736          
           0.9766          
           1.2058          
          -0.3142          
          -1.0044          
          -1.0251          
          -1.0322          
          -1.0273          
          -1.0286          
          -1.0166          
          -1.0251          
          -1.0286          
          -1.0361          
          -1.0266          
          -1.0317          
          -1.0281          
          -1.0359          
          -1.0251          
          -1.0278          
          -1.0408          
          -1.0303          
          -1.0312          
          -1.0281          
          -1.0291          
          -0.6880          
           0.3909          
           1.1172          
           0.9534          
           0.9836          
           0.9797          
           0.9797          
           0.9812          
           0.9871          
           0.9722          
           0.9697          
           0.9714